1.630057
2.002305
3.928034
6.309584
6.417132
6.975528
8.605585
10.880880
12.979045
13.723158
14.160256
15.667909
16.597417
19.221385
19.755137
21.825691
22.896817
23.827995
24.288677
26.666575
27.777471
28.331475
28.429340
29.251678
29.603162
33.033713
33.522276
34.889294
35.036018
35.245835
35.404868
36.478447
37.520698
39.438293
39.843667
40.022862
40.094439
43.763760
43.955992
44.010453
45.770174
47.739705
49.358299
51.253536
51.293239
51.340091
52.428719
52.599535
52.674498
53.160643
53.976034
55.396996
58.864013
60.696888
61.263983
62.887092
63.571173
63.755227
63.997882
65.730404
66.322693
66.772376
68.421853
68.666991
68.786139
71.729693
72.095234
73.853431
76.024874
76.822959
76.991384
77.135770
78.309922
79.844003
80.417675
80.772452
81.476690
82.920109
83.911223
84.018772
85.091979
85.867633
88.007524
89.023260
89.152945
89.337241
90.220807
91.097203
91.164736
91.619507
91.902647
92.396979
93.080980
93.183506
94.932708
95.222973
95.646825
97.063413
97.277502
99.892452
